1.000000000000000000e+06 1.917099726789467606e+00
1.526417967175233411e+06 1.870208748597559811e+00
2.329951810515372083e+06 1.822045446082320330e+00
3.556480306223128457e+06 1.772990699832957207e+00
5.428675439323859289e+06 1.723353815073786155e+00
8.286427728546842933e+06 1.673491256027839214e+00
1.264855216855295748e+07 1.623653648166237584e+00
1.930697728883249313e+07 1.574112958326746359e+00
2.947051702551809698e+07 1.525031320464034224e+00
4.498432668969444185e+07 1.476588513640456179e+00
6.866488450042998791e+07 1.428886513244788103e+00
1.048113134154687375e+08 1.382022260731128771e+00
1.599858719606057405e+08 1.336059529771188359e+00
2.442053094548654556e+08 1.291045096439114026e+00
3.727593720314937830e+08 1.247013525020988389e+00
5.689866029018304348e+08 1.203976334693899641e+00
8.685113737513520718e+08 1.161963266873531575e+00
1.325711365590110779e+09 1.120951515515098862e+00
2.023589647725155592e+09 1.080970445150998271e+00
3.088843596477485180e+09 1.041985327566958608e+00
4.714866363457389832e+09 1.004013292520371969e+00
7.196856730011528015e+09 9.670131893808333601e-01
1.098541141987561607e+10 9.310063632664615785e-01
1.676832936811009979e+10 8.959328496192028313e-01
2.559547922699533463e+10 8.618165694030537338e-01
3.906939937054621124e+10 8.285979407552155340e-01
5.963623316594660187e+10 7.962830545044153885e-01
9.102981779915226746e+10 7.648193956306557073e-01
1.389495494373135986e+11 7.342122768817689327e-01
2.120950887920192566e+11 7.044023273842512367e-01
3.237457542817653198e+11 6.753961713855965998e-01
4.941713361323837891e+11 6.471466773336898015e-01
7.543120063354606934e+11 6.196482489871539823e-01
1.151395399326447998e+12 5.928763398617472591e-01
1.757510624854796387e+12 5.668282065629157707e-01
2.682695795279727051e+12 5.414834160155989062e-01
4.094915062380418945e+12 5.168466836601703918e-01
6.250551925273976562e+12 4.929142928513085553e-01
9.540954763499962891e+12 4.696846042176177627e-01
1.456348477501244336e+13 4.471995003074785147e-01
2.222996482526191016e+13 4.235043413314603100e-01
3.393221771895330078e+13 3.589699002698889529e-01
5.179474679231223438e+13 5.521107713924777727e-03
7.906043210907701562e+13 -1.799639272545107360e+00
1.206792640639331250e+14 -9.892669468814347056e+00
1.842069969326716250e+14 -4.317772633812728600e+01
2.811768697974236875e+14 -1.729680815939791501e+02
4.291934260128778125e+14 -6.625640039244026411e+02
6.551285568595522500e+14 -2.471188001166330650e+03
1.000000000000000000e+15 -9.063809789212071337e+03
