1.000000000000000000e+06 3.617200912894266480e+02
1.526417967175233411e+06 3.494907442819791186e+02
2.329951810515372083e+06 3.350901532768583024e+02
3.556480306223128457e+06 3.187036376854601940e+02
5.428675439323859289e+06 3.008047380029947249e+02
8.286427728546842933e+06 2.821361819901326271e+02
1.264855216855295748e+07 2.635362640377365437e+02
1.930697728883249313e+07 2.456412332650066901e+02
2.947051702551809698e+07 2.286650639752252800e+02
4.498432668969444185e+07 2.124718132228300362e+02
6.866488450042998791e+07 1.969786908760481481e+02
1.048113134154687375e+08 1.822369143406078820e+02
1.599858719606057405e+08 1.682671638233435658e+02
2.442053094548654556e+08 1.550193789686069010e+02
3.727593720314937830e+08 1.425040258911631952e+02
5.689866029018304348e+08 1.306861932640519797e+02
8.685113737513520718e+08 1.195637140546946853e+02
1.325711365590110779e+09 1.091023879538726504e+02
2.023589647725155592e+09 9.929797985844926700e+01
3.088843596477485180e+09 9.011594148523799674e+01
4.714866363457389832e+09 8.154986789947128045e+01
7.196856730011528015e+09 7.356663383880172091e+01
1.098541141987561607e+10 6.615381022449338388e+01
1.676832936811009979e+10 5.928531808300447636e+01
2.559547922699533463e+10 5.294221918562862328e+01
3.906939937054621124e+10 4.709880119157951839e+01
5.963623316594660187e+10 4.173789158673342570e+01
9.102981779915226746e+10 3.683251222396987856e+01
1.389495494373135986e+11 3.236179023703172675e+01
2.120950887920192566e+11 2.830443172305917798e+01
3.237457542817653198e+11 2.463484703218561123e+01
4.941713361323837891e+11 2.133212979557167444e+01
7.543120063354606934e+11 1.837322007470989860e+01
1.151395399326447998e+12 1.573550682080628249e+01
1.757510624854796387e+12 1.339502915118025861e+01
2.682695795279727051e+12 1.133296758861965969e+01
4.094915062380418945e+12 9.523464678382365989e+00
6.250551925273976562e+12 7.948180838500995549e+00
9.540954763499962891e+12 6.584783371942934949e+00
1.456348477501244336e+13 5.413832109124931513e+00
2.222996482526191016e+13 4.414513383781651257e+00
3.393221771895330078e+13 3.570514935229802234e+00
5.179474679231223438e+13 2.861534271604848634e+00
7.906043210907701562e+13 2.272708885725896355e+00
1.206792640639331250e+14 1.787799230117910199e+00
1.842069969326716250e+14 1.392379735724243561e+00
2.811768697974236875e+14 1.073037487916153054e+00
4.291934260128778125e+14 8.185913552372088287e-01
6.551285568595522500e+14 6.173417741042290796e-01
1.000000000000000000e+15 4.604373901265662594e-01
