1.000000000000000000e+06 8.651588230379888556e-01
1.526417967175233411e+06 8.651584369116048778e-01
2.329951810515372083e+06 8.651579237887404572e-01
3.556480306223128457e+06 8.651572449659654662e-01
5.428675439323859289e+06 8.651563442035863361e-01
8.286427728546842933e+06 8.651551499644952736e-01
1.264855216855295748e+07 8.651535674680826959e-01
1.930697728883249313e+07 8.651514690337565039e-01
2.947051702551809698e+07 8.651486874196177013e-01
4.498432668969444185e+07 8.651449995647320090e-01
6.866488450042998791e+07 8.651401108380722960e-01
1.048113134154687375e+08 8.651336297304690337e-01
1.599858719606057405e+08 8.651250382955836260e-01
2.442053094548654556e+08 8.651136484993336984e-01
3.727593720314937830e+08 8.650985507671856700e-01
5.689866029018304348e+08 8.650785357521644237e-01
8.685113737513520718e+08 8.650520064372712037e-01
1.325711365590110779e+09 8.650168383707781405e-01
2.023589647725155592e+09 8.649702282899293104e-01
3.088843596477485180e+09 8.649084468651715429e-01
4.714866363457389832e+09 8.648265764035675263e-01
7.196856730011528015e+09 8.647180780607706119e-01
1.098541141987561607e+10 8.645743351788748310e-01
1.676832936811009979e+10 8.643839049603670999e-01
2.559547922699533463e+10 8.641317230580911612e-01
3.906939937054621124e+10 8.637978302821820442e-01
5.963623316594660187e+10 8.633559960534863409e-01
9.102981779915226746e+10 8.627716015598115851e-01
1.389495494373135986e+11 8.619993018017696462e-01
2.120950887920192566e+11 8.609796352034910782e-01
3.237457542817653198e+11 8.596352096706380008e-01
4.941713361323837891e+11 8.578656270826764407e-01
7.543120063354606934e+11 8.555417473881083978e-01
1.151395399326447998e+12 8.524990852444853662e-01
1.757510624854796387e+12 8.485305788498329616e-01
2.682695795279727051e+12 8.433807733309320875e-01
4.094915062380418945e+12 8.367404887240907918e-01
6.250551925273976562e+12 8.282495993951006774e-01
9.540954763499962891e+12 8.175033937597491196e-01
1.456348477501244336e+13 8.040810170048976468e-01
2.222996482526191016e+13 7.875799056416908916e-01
3.393221771895330078e+13 7.676909237734562685e-01
5.179474679231223438e+13 7.442632286842314482e-01
7.906043210907701562e+13 7.174083620026019403e-01
1.206792640639331250e+14 6.875063945907123886e-01
1.842069969326716250e+14 6.551984562028881909e-01
2.811768697974236875e+14 6.211972834315014902e-01
4.291934260128778125e+14 5.863113932178417587e-01
6.551285568595522500e+14 5.515389318653907136e-01
1.000000000000000000e+15 5.182076758910096892e-01
