1.000000000000000000e+06 8.463825468217770265e+01
1.526417967175233411e+06 8.206258682513337988e+01
2.329951810515372083e+06 7.902437674341037166e+01
3.556480306223128457e+06 7.555896836255639926e+01
5.428675439323859289e+06 7.176141066313796557e+01
8.286427728546842933e+06 6.778314205966886163e+01
1.264855216855295748e+07 6.379683320806801561e+01
1.930697728883249313e+07 5.993534724632630173e+01
2.947051702551809698e+07 5.624586134280957594e+01
4.498432668969444185e+07 5.270335396488645330e+01
6.866488450042998791e+07 4.929282096696949367e+01
1.048113134154687375e+08 4.602612272761290058e+01
1.599858719606057405e+08 4.290916773419286301e+01
2.442053094548654556e+08 3.993276732230633286e+01
3.727593720314937830e+08 3.710036249252709695e+01
5.689866029018304348e+08 3.440559493422549053e+01
8.685113737513520718e+08 3.184919124579608152e+01
1.325711365590110779e+09 2.942477901044216182e+01
2.023589647725155592e+09 2.713258447056164258e+01
3.088843596477485180e+09 2.496608952591974528e+01
4.714866363457389832e+09 2.292503179086165233e+01
7.196856730011528015e+09 2.100316692952740638e+01
1.098541141987561607e+10 1.919893897485842515e+01
1.676832936811009979e+10 1.750758630744667954e+01
2.559547922699533463e+10 1.592614992263377793e+01
3.906939937054621124e+10 1.444997070648439852e+01
5.963623316594660187e+10 1.307641905885413891e+01
9.102981779915226746e+10 1.180060429678855982e+01
1.389495494373135986e+11 1.061904002302811634e+01
2.120950887920192566e+11 9.528104168875081825e+00
3.237457542817653198e+11 8.523214826302824676e+00
4.941713361323837891e+11 7.600843891767547156e+00
7.543120063354606934e+11 6.756869235675742047e+00
1.151395399326447998e+12 5.987346060359104882e+00
1.757510624854796387e+12 5.287775414961858544e+00
2.682695795279727051e+12 4.654920710256906347e+00
4.094915062380418945e+12 4.083565129894215495e+00
6.250551925273976562e+12 3.570297630601460437e+00
9.540954763499962891e+12 3.110369850111603718e+00
1.456348477501244336e+13 2.699870653196606352e+00
2.222996482526191016e+13 2.334260883976972512e+00
3.393221771895330078e+13 2.010405746640963720e+00
5.179474679231223438e+13 1.724051894348787473e+00
7.906043210907701562e+13 1.472640874533190258e+00
1.206792640639331250e+14 1.253068620484032891e+00
1.842069969326716250e+14 1.062598916372817115e+00
2.811768697974236875e+14 8.977817530613190211e-01
4.291934260128778125e+14 7.554423329450762337e-01
6.551285568595522500e+14 6.327062890770043246e-01
1.000000000000000000e+15 5.276297738287759609e-01
