1.000000000000000000e+06 7.412868880212627687e+01
1.526417967175233411e+06 7.072846972148192890e+01
2.329951810515372083e+06 6.711647602710065996e+01
3.556480306223128457e+06 6.344900584192882320e+01
5.428675439323859289e+06 5.986042926596697811e+01
8.286427728546842933e+06 5.641582059277516237e+01
1.264855216855295748e+07 5.310462934611113894e+01
1.930697728883249313e+07 4.990356058917861048e+01
2.947051702551809698e+07 4.682163218283207584e+01
4.498432668969444185e+07 4.386663833983708116e+01
6.866488450042998791e+07 4.103397744344542986e+01
1.048113134154687375e+08 3.832221283980870652e+01
1.599858719606057405e+08 3.573161691606093626e+01
2.442053094548654556e+08 3.325805216530940811e+01
3.727593720314937830e+08 3.090172474114459078e+01
5.689866029018304348e+08 2.865829609859527238e+01
8.685113737513520718e+08 2.652741493638554005e+01
1.325711365590110779e+09 2.450472833392401739e+01
2.023589647725155592e+09 2.258987298376389319e+01
3.088843596477485180e+09 2.077774133145814517e+01
4.714866363457389832e+09 1.906844594333906429e+01
7.196856730011528015e+09 1.745693013193231025e+01
1.098541141987561607e+10 1.594209486273270571e+01
1.676832936811009979e+10 1.452004913450094037e+01
2.559547922699533463e+10 1.318898099955232084e+01
3.906939937054621124e+10 1.194469316681410298e+01
5.963623316594660187e+10 1.078562623264378395e+01
9.102981779915226746e+10 9.707727359739591222e+00
1.389495494373135986e+11 8.708389292317743724e+00
2.120950887920192566e+11 7.784596099962768356e+00
3.237457542817653198e+11 6.933071020524800510e+00
4.941713361323837891e+11 6.150602355982146108e+00
7.543120063354606934e+11 5.434222591384829215e+00
1.151395399326447998e+12 4.780677183909115335e+00
1.757510624854796387e+12 4.186388201042936963e+00
2.682695795279727051e+12 3.648798149079822473e+00
4.094915062380418945e+12 3.163967885206999675e+00
6.250551925273976562e+12 2.729123023805456238e+00
9.540954763499962891e+12 2.340799938944455150e+00
1.456348477501244336e+13 1.996050365726833586e+00
2.222996482526191016e+13 1.691245965164164256e+00
3.393221771895330078e+13 1.423905931474694020e+00
5.179474679231223438e+13 1.190360629673584913e+00
7.906043210907701562e+13 9.880127247238114085e-01
1.206792640639331250e+14 8.137879940760452957e-01
1.842069969326716250e+14 6.649990137108316990e-01
2.811768697974236875e+14 5.387407739452618749e-01
4.291934260128778125e+14 4.327711699295838654e-01
6.551285568595522500e+14 3.443774638672519317e-01
1.000000000000000000e+15 2.714385834485661952e-01
