1.000000000000000000e+06 5.866385081461958917e-01
1.526417967175233411e+06 5.866384938237340085e-01
2.329951810515372083e+06 5.866384750378329516e-01
3.556480306223128457e+06 5.866384485401986426e-01
5.428675439323859289e+06 5.866384160824590355e-01
8.286427728546842933e+06 5.866383701717790000e-01
1.264855216855295748e+07 5.866383111968560549e-01
1.930697728883249313e+07 5.866382325673685783e-01
2.947051702551809698e+07 5.866381287058010097e-01
4.498432668969444185e+07 5.866379904715770532e-01
6.866488450042998791e+07 5.866378073757833045e-01
1.048113134154687375e+08 5.866375649624692157e-01
1.599858719606057405e+08 5.866372433574247314e-01
2.442053094548654556e+08 5.866368171640612417e-01
3.727593720314937830e+08 5.866362520081997989e-01
5.689866029018304348e+08 5.866355028423767548e-01
8.685113737513520718e+08 5.866345097707116318e-01
1.325711365590110779e+09 5.866331931381150167e-01
2.023589647725155592e+09 5.866314478346855710e-01
3.088843596477485180e+09 5.866291340464191428e-01
4.714866363457389832e+09 5.866260669931107063e-01
7.196856730011528015e+09 5.866220009460983986e-01
1.098541141987561607e+10 5.866166114230387807e-01
1.676832936811009979e+10 5.866094667087665693e-01
2.559547922699533463e+10 5.865999970578280598e-01
3.906939937054621124e+10 5.865874443731948773e-01
5.963623316594660187e+10 5.865708087168798324e-01
9.102981779915226746e+10 5.865487600614076591e-01
1.389495494373135986e+11 5.865195449247033732e-01
2.120950887920192566e+11 5.864808332746248576e-01
3.237457542817653198e+11 5.864295550491908093e-01
4.941713361323837891e+11 5.863616380839183906e-01
7.543120063354606934e+11 5.862717224751652356e-01
1.151395399326447998e+12 5.861527198677414230e-01
1.757510624854796387e+12 5.859953197423020121e-01
2.682695795279727051e+12 5.857872673877112524e-01
4.094915062380418945e+12 5.855125307572006665e-01
6.250551925273976562e+12 5.851501659960630652e-01
9.540954763499962891e+12 5.846729908718523161e-01
1.456348477501244336e+13 5.840460294764996396e-01
2.222996482526191016e+13 5.832143875311701642e-01
3.393221771895330078e+13 5.819100163552661797e-01
5.179474679231223438e+13 5.786748864605328890e-01
7.906043210907701562e+13 5.667028426635738469e-01
1.206792640639331250e+14 5.173332859590118460e-01
1.842069969326716250e+14 3.172206079516399768e-01
2.811768697974236875e+14 -4.649232748452050146e-01
4.291934260128778125e+14 -3.431029213155852631e+00
6.551285568595522500e+14 -1.444060015364084393e+01
1.000000000000000000e+15 -5.471654042252339423e+01
