1.000000000000000000e+06 6.174678376203839036e+01
1.526417967175233411e+06 5.901344860944041670e+01
2.329951810515372083e+06 5.610131419937970065e+01
3.556480306223128457e+06 5.313354311757437642e+01
5.428675439323859289e+06 5.021745334735100386e+01
8.286427728546842933e+06 4.740706392932470692e+01
1.264855216855295748e+07 4.469703102765502223e+01
1.930697728883249313e+07 4.207103641540280847e+01
2.947051702551809698e+07 3.953728023831021687e+01
4.498432668969444185e+07 3.710289519455283624e+01
6.866488450042998791e+07 3.476515179327476801e+01
1.048113134154687375e+08 3.252341821884738238e+01
1.599858719606057405e+08 3.037842234797058438e+01
2.442053094548654556e+08 2.832716567058854551e+01
3.727593720314937830e+08 2.637013907447843053e+01
5.689866029018304348e+08 2.450402231321480784e+01
8.685113737513520718e+08 2.272878163215871439e+01
1.325711365590110779e+09 2.104099317526247148e+01
2.023589647725155592e+09 1.944055762710706148e+01
3.088843596477485180e+09 1.792341143786386226e+01
4.714866363457389832e+09 1.648979874704119553e+01
7.196856730011528015e+09 1.513568317605342806e+01
1.098541141987561607e+10 1.386031042694166970e+01
1.676832936811009979e+10 1.266057835781600005e+01
2.559547922699533463e+10 1.153514509283548506e+01
3.906939937054621124e+10 1.048065950219777953e+01
5.963623316594660187e+10 9.495974913123605532e+00
9.102981779915226746e+10 8.577861235321149636e+00
1.389495494373135986e+11 7.724301763933389076e+00
2.120950887920192566e+11 6.932925056270422992e+00
3.237457542817653198e+11 6.201155362042448438e+00
4.941713361323837891e+11 5.526462846538870544e+00
7.543120063354606934e+11 4.906518355519009056e+00
1.151395399326447998e+12 4.338760101817039860e+00
1.757510624854796387e+12 3.820340524142751271e+00
2.682695795279727051e+12 3.349276864538593301e+00
4.094915062380418945e+12 2.922411626963877573e+00
6.250551925273976562e+12 2.537579584119027398e+00
9.540954763499962891e+12 2.192005174362983588e+00
1.456348477501244336e+13 1.883370353954986198e+00
2.222996482526191016e+13 1.608743921041563052e+00
3.393221771895330078e+13 1.366185249921987532e+00
5.179474679231223438e+13 1.152706889062237838e+00
7.906043210907701562e+13 9.662472433188120657e-01
1.206792640639331250e+14 8.042933788628428005e-01
1.842069969326716250e+14 6.646757038926515149e-01
2.811768697974236875e+14 5.449902296042654637e-01
4.291934260128778125e+14 4.434091360751357680e-01
6.551285568595522500e+14 3.576664249719117561e-01
1.000000000000000000e+15 2.860081487537677880e-01
